"Club 1" "Club 2" "Club 3" "Club 4" "Club 5" "Club 6" "Club 7" "Club 8" "Club 9" "Club 10" "Club 11" "Club 12" "Club 13" "Club 14" "Club 15"
"CEO1" 0 0 1 1 0 0 0 0 1 0 0 0 0 0 0
"CEO2" 0 0 1 0 1 0 1 0 0 0 0 0 0 0 0
"CEO3" 0 0 1 0 0 0 0 0 0 0 0 1 0 0 0
"CEO4" 0 1 1 0 0 0 0 0 0 0 0 0 0 0 1
"CEO5" 0 0 1 0 0 0 0 0 0 0 0 0 1 1 0
"CEO6" 0 1 1 0 0 0 0 0 0 0 0 0 0 1 0
"CEO7" 0 0 1 1 0 0 0 0 0 1 1 0 0 0 0
"CEO8" 0 0 0 1 0 0 1 0 0 1 0 0 0 0 0
"CEO9" 1 0 0 1 0 0 0 1 0 1 0 0 0 0 0
"CEO10" 0 0 1 0 0 0 0 0 1 0 0 0 0 0 0
"CEO11" 0 1 1 0 0 0 0 0 1 0 0 0 0 0 0
"CEO12" 0 0 0 1 0 0 1 0 0 0 0 0 0 0 0
"CEO13" 0 0 1 1 1 0 0 0 1 0 0 0 0 0 0
"CEO14" 0 1 1 1 0 0 0 0 0 0 1 1 1 0 1
"CEO15" 0 1 1 0 0 1 0 0 0 0 0 0 1 0 1
"CEO16" 0 1 1 0 0 1 0 1 0 0 0 0 0 1 0
"CEO17" 0 1 1 0 1 0 0 0 0 0 1 1 0 0 1
"CEO18" 0 0 0 1 0 0 0 0 1 0 0 1 1 0 1
"CEO19" 1 0 1 1 0 0 1 0 1 0 0 0 0 0 0
"CEO20" 0 1 1 1 0 0 0 0 0 0 1 0 0 0 1
"CEO21" 0 0 1 1 0 0 0 1 0 0 0 0 0 0 0
"CEO22" 0 0 1 0 0 0 0 1 0 0 0 0 0 0 1
"CEO23" 0 1 1 0 0 1 0 0 0 0 0 0 0 0 1
"CEO24" 1 0 1 1 0 1 0 0 0 0 0 0 0 0 1
"CEO25" 0 1 1 0 0 0 0 0 0 0 0 0 1 0 0
"CEO26" 0 1 1 0 0 0 0 0 0 0 0 1 0 0 0
